0,489
0,483
334,35
185,1
185,9
99,3
99,1
98,2
97,3
97,1
96,18
96,17
96,11
96,1
96,0
95,6
95,5
95,4
95,3
95,2
95,1
93,3
93,1
92,4
92,1
87,3
87,1
86,4
86,1
85,5
85,4
85,3
85,1
84,4
84,3
84,1
83,3
83,1
80,7
80,6
80,5
80,4
80,3
80,1
77,3
77,1
76,4
76,3
76,1
74,4
74,3
74,1
72,5
72,3
72,1
71,5
71,4
71,3
71,2
71,1
70,9
70,8
70,7
70,6
70,5
70,4
70,3
70,2
70,1
69,2
68,2
67,5
67,4
67,1
61,6
61,5
61,4
61,3
61,1
59,2
51,5
51,4
51,3
51,1
47,5
47,4
47,3
47,1
43,3
43,1
35,13
35,12
35,11
35,10
35,9
35,8
35,7
35,6
35,5
35,4
35,3
35,2
35,1
34,2
33,2
32,2
31,4
31,1
30,3
30,1
27,4
27,3
27,2
27,1
26,9
26,8
26,7
26,6
26,5
26,4
26,3
26,2
26,1
25,4
25,3
25,1
20,3
20,2
20,1
19,3
19,2
19,1
18,3
18,1
14,65
14,22
14,17
14,16
14,15
14,14
14,13
14,8
14,4
14,3
14,1
13,5
13,4
13,3
13,1
12,3
12,2
12,1
8,18
8,10
8,7
8,3
8,2
8,1
2,3
2,2
2,1
0,506
0,504
0,490
0,479
0,441
0,428
0,418
0,402
0,394
0,386
0,0
334,34
334,33
334,32
334,31
334,30
334,29
334,28
334,27
334,26
334,25
334,24
334,23
334,22
334,21
334,20
334,19
334,18
334,17
334,16
334,15
334,14
334,13
334,12
334,11
334,10
334,9
334,8
334,7
334,6
334,5
334,4
